4 1 1
1.0 1.2 1.5
42
N 1 101 5 30.0
G 2 102 3 20.0
V 3 103 8 200.0
N 4 104 2 15.0
N 5 105 10 50.0
G 6 106 4 40.0
N 7 107 6 60.0
V 8 108 3 150.0
N 9 109 7 80.0
N 10 110 5 30.0
G 12 111 3 20.0
V 12 112 8 200.0
N 12 113 2 15.0
N 12 114 10 50.0
G 12 115 4 40.0
N 12 116 6 60.0
V 12 117 3 150.0
N 12 118 7 80.0
G 12 119 3 20.0
V 12 120 8 200.0
N 12 121 2 15.0
N 12 122 10 50.0
G 12 123 4 40.0
N 12 124 6 60.0
V 12 125 3 150.0
N 12 126 7 80.0
G 12 127 3 20.0
V 12 128 8 200.0
N 12 129 2 15.0
N 12 130 10 50.0
G 12 131 4 40.0
N 12 132 6 60.0
V 12 133 3 150.0
N 12 134 7 80.0
G 12 135 3 20.0
V 12 136 8 200.0
N 12 137 2 15.0
N 12 138 10 50.0
G 12 139 4 40.0
N 12 140 6 60.0
V 12 141 3 150.0
N 12 142 7 80.0


